1,861,1871,29,1
2,2470,1070,33,1
3,2790,2086,30,1
4,231,2081,31,1
5,2516,1123,28,1
6,814,2026,28,1
7,1086,2416,35,1
8,2856,1617,29,1
9,1429,917,29,1
10,1376,2649,29,1
11,2660,2512,29,1
12,1416,2722,30,1
13,3049,2578,29,1
14,2773,1596,33,1
15,777,2189,28,1
16,998,385,30,1
17,1748,2764,29,1
18,2579,2511,29,1
19,2876,2417,29,1
20,2402,2542,27,1
21,2296,2636,28,1
22,2761,1657,28,1
23,2764,1237,30,1
24,2686,2932,30,1
25,2369,241,28,1
26,1203,2723,29,1
27,982,2373,28,1
28,2836,1517,30,1
29,213,2029,28,1
30,1651,159,30,1
31,1012,2427,28,1
32,2252,2823,30,1
33,336,1151,28,1
34,1423,3109,29,1
35,761,2052,29,1
36,1168,2899,30,1
37,1613,727,29,1
38,2301,2715,29,1
39,2304,2790,29,1
40,785,1909,29,1
41,1642,2736,35,1
42,1151,1014,29,1
43,1136,2605,28,1
44,1995,156,31,1
45,1238,1052,28,1
46,2719,2039,27,1
47,1253,2656,34,1
48,2262,2756,29,1
49,2454,954,29,1
50,802,1527,28,1
51,2607,1206,30,1
52,1595,793,30,1
53,809,2413,28,1
54,1324,2842,29,1
55,2269,945,33,1
56,1245,2515,33,1
57,2980,1932,30,1
58,714,2196,29,1
59,2802,2443,28,1
60,1007,2482,28,1
61,2708,407,30,1
62,2377,2793,30,1
63,2355,2727,28,1
64,728,1515,28,1
65,902,2253,34,1
66,2761,2334,29,1
67,2632,1157,29,1
68,1687,2961,29,1
69,2709,2334,30,1
70,1121,2551,30,1
71,3129,965,30,1
72,1826,146,29,1
73,1197,2582,35,1
74,871,1260,33,1
75,3164,2686,31,1
76,1082,1156,34,1
77,1800,3299,30,1
78,3049,1908,30,1
79,2841,2567,30,1
80,1169,2527,28,1
81,2704,1472,28,1
82,2306,220,28,1
83,2784,2030,30,1
84,2946,2253,30,1
85,725,1438,30,1
86,956,2221,28,1
87,686,888,30,1
88,2506,2633,30,1
89,1194,978,30,1
90,1726,2879,29,1
91,3033,1403,29,1
92,233,2137,27,1
93,419,988,29,1
94,2196,2699,29,1
95,814,3052,29,1
96,1942,150,29,1
97,3074,2009,28,1
98,2584,830,30,1
99,735,1930,28,1
100,729,1697,29,1
101,770,1477,29,1
102,2657,1357,27,1
103,917,444,30,1
104,1651,3340,29,1
105,723,600,29,1
106,3009,1868,30,1
107,738,1809,30,1
108,795,1641,28,1
109,1178,299,32,1
110,600,722,28,1
111,1129,636,29,1
112,2907,1399,30,1
113,1912,3272,29,1
114,483,1653,30,1
115,740,1752,30,1
116,247,2193,28,1
117,1884,148,30,1
118,3413,2048,32,1
119,2561,2443,29,1
120,951,1367,30,1
121,1363,2778,35,1
122,2879,1221,29,1
123,826,1391,30,1
124,1725,2809,29,1
125,1051,1299,28,1
126,1242,270,29,1
127,815,2093,29,1
128,381,1247,30,1
129,869,1028,30,1
130,523,2773,30,1
131,2062,660,30,1
132,856,2202,34,1
133,2818,2304,33,1
134,290,1268,28,1
135,2339,928,30,1
136,876,965,30,1
137,1919,2744,29,1
138,741,1261,30,1
139,408,1040,30,1
140,633,2344,29,1
141,1192,2642,28,1
142,2405,2747,29,1
143,447,941,28,1
144,1776,2847,33,1
145,892,1379,29,1
146,2837,2243,29,1
147,2294,640,29,1
148,1340,782,29,1
149,2804,1961,29,1
150,2857,2361,30,1
151,2557,2384,33,1
152,647,1739,34,1
153,2123,835,29,1
154,784,1854,29,1
155,1612,193,29,1
156,2019,3386,30,1
157,1629,850,35,1
158,3112,2595,31,1
159,2695,1278,33,1
160,1280,1015,29,1
161,2755,1783,28,1
162,2515,850,28,1
163,1407,2820,30,1
164,699,2019,29,1
165,2049,161,29,1
166,2876,1553,28,1
167,2397,2853,30,1
168,1806,2780,32,1
169,489,2730,30,1
170,282,2314,30,1
171,2819,1767,34,1
172,2111,2980,29,1
173,1868,742,28,1
174,2738,3087,28,1
175,1995,2947,30,1
176,2561,3137,27,1
177,798,2241,31,1
178,931,1420,29,1
179,1312,2615,35,1
180,857,1552,28,1
181,207,1898,32,1
182,1289,811,29,1
183,1779,779,30,1
184,3202,2569,28,1
185,2409,809,30,1
186,948,1050,30,1
187,3075,2072,30,1
188,654,2179,28,1
189,2116,2678,34,1
190,2090,882,33,1
191,3341,2234,29,1
192,1144,2852,29,1
193,198,1747,29,1
194,1933,2926,29,1
195,619,1939,31,1
196,2199,2826,28,1
197,367,1086,31,1
198,1064,2594,33,1
199,564,1673,29,1
200,1087,2499,34,1
201,3002,2914,29,1
202,880,2321,32,1
203,1959,809,29,1
204,1698,620,30,1
205,1467,2686,34,1
206,3047,1691,27,1
207,2029,818,34,1
208,2141,550,29,1
209,2911,2363,29,1
210,1148,2683,33,1
211,828,994,28,1
212,2273,704,32,1
213,997,1129,33,1
214,2815,1222,30,1
215,1083,2698,30,1
216,934,2084,31,1
217,815,2349,35,1
218,1901,2878,32,1
219,194,1802,28,1
220,2674,901,30,1
221,1560,3366,28,1
222,1480,896,29,1
223,2673,1112,32,1
224,449,2651,32,1
225,3122,1908,30,1
226,2802,2951,31,1
227,1706,154,30,1
228,3110,1721,29,1
229,1301,2792,30,1
230,623,1294,31,1
231,2897,1275,28,1
232,1842,2901,29,1
233,3332,1813,29,1
234,849,1110,32,1
235,2838,2989,30,1
236,2639,1251,29,1
237,211,1638,29,1
238,3054,1349,29,1
239,2567,644,28,1
240,333,2399,29,1
241,692,1052,30,1
242,842,2273,29,1
243,2853,1889,29,1
244,1029,594,33,1
245,873,488,33,1
246,954,2496,29,1
247,1833,3354,30,1
248,3041,1572,30,1
249,1581,3000,30,1
250,775,573,32,1
251,2685,1209,33,1
252,2442,2595,35,1
253,1001,987,31,1
254,650,1545,30,1
255,2461,837,29,1
256,2827,2126,29,1
257,2778,2256,29,1
258,2957,1296,29,1
259,1033,1213,29,1
260,3182,933,30,1
261,2889,2254,29,1
262,862,2387,29,1
263,803,938,30,1
264,825,2998,31,1
265,1363,226,32,1
266,3287,2013,29,1
267,692,783,29,1
268,1982,253,28,1
269,680,635,29,1
270,2673,638,30,1
271,2749,2455,30,1
272,3141,2412,32,1
273,792,1764,30,1
274,737,1322,28,1
275,2540,1043,33,1
276,3019,2674,31,1
277,2792,1355,30,1
278,2915,2198,28,1
279,1372,828,30,1
280,1051,356,32,1
281,680,1895,33,1
282,481,842,29,1
283,1970,2872,32,1
284,911,1319,33,1
285,2372,1026,28,1
286,2145,2857,28,1
287,564,1860,30,1
288,1452,2765,28,1
289,3082,1862,28,1
290,2716,2125,34,1
291,2485,1005,32,1
292,339,1867,31,1
293,847,1331,34,1
294,745,1643,29,1
295,3120,2780,28,1
296,1460,649,28,1
297,3260,2447,31,1
298,3163,2615,27,1
299,2246,207,32,1
300,1650,2798,29,1
301,2842,1272,30,1
302,2448,2499,33,1
303,1747,3114,30,1
304,503,1936,30,1
305,211,1967,32,1
306,966,1256,34,1
307,325,1453,29,1
308,233,1841,30,1
309,2695,985,28,1
310,1969,860,28,1
311,918,2377,32,1
312,818,1055,29,1
313,1214,2460,28,1
314,975,2546,29,1
315,1626,2848,27,1
316,953,2318,35,1
317,1197,2846,28,1
318,2641,1305,28,1
319,867,480,32,1
320,787,1701,34,1
321,2721,2255,32,1
322,1038,455,31,1
323,2963,1843,29,1
324,866,1942,28,1
325,949,2433,33,1
326,682,2954,30,1
327,939,2627,30,1
328,2673,2208,34,1
329,983,435,28,1
330,902,1508,33,1
331,2780,2513,34,1
332,1259,2587,30,1
333,3123,2109,30,1
334,364,1349,30,1
335,1843,3426,27,1
336,1966,2786,35,1
337,3374,1647,30,1
338,511,2340,28,1
339,2685,481,30,1
340,202,1691,29,1
341,1564,2758,29,1
342,3349,1929,30,1
343,761,1572,34,1
344,763,3033,28,1
345,2043,215,30,1
346,2036,2742,34,1
347,940,1105,30,1
348,1397,3035,29,1
349,3254,1849,30,1
350,2201,508,32,1
351,380,1579,30,1
352,901,777,32,1
353,1441,849,34,1
354,699,1591,32,1
355,1596,3406,29,1
356,3088,802,28,1
357,2786,1492,34,1
358,2561,1167,35,1
359,520,1611,33,1
360,1044,1014,30,1
361,515,1815,30,1
362,2192,837,29,1
363,2947,1349,30,1
364,2591,2978,30,1
365,2103,189,31,1
366,355,1628,30,1
367,1700,3369,31,1
368,3007,2510,30,1
369,566,771,32,1
370,1194,3096,29,1
371,1212,1101,28,1
372,3119,2660,30,1
373,2640,2354,33,1
374,528,1420,28,1
375,2895,959,29,1
376,2933,1097,30,1
377,2874,2309,29,1
378,2888,1744,33,1
379,482,1449,31,1
380,2928,2304,29,1
381,2079,2785,32,1
382,1430,2616,31,1
383,643,2915,30,1
384,3082,2825,29,1
385,3013,1305,29,1
386,1299,251,32,1
387,2088,780,35,1
388,2965,2202,31,1
389,2771,989,31,1
390,3423,2051,31,1
391,1128,3237,29,1
392,2771,2139,29,1
393,2030,280,29,1
394,897,1073,30,1
395,3057,2480,28,1
396,587,1440,30,1
397,848,1749,33,1
398,3089,2533,35,1
399,1461,3071,29,1
400,832,2469,28,1
401,1509,2734,32,1
402,2286,773,32,1
403,2715,938,30,1
404,1295,2726,34,1
405,1310,927,32,1
406,1252,963,35,1
407,1399,3185,35,1
408,2019,2827,33,1
409,888,1796,28,1
410,2941,2137,29,1
411,2254,2682,31,1
412,1904,2813,32,1
413,2205,933,28,1
414,1649,3410,29,1
415,630,929,28,1
416,1361,2718,30,1
417,1096,901,34,1
418,2984,1201,29,1
419,834,2627,29,1
420,1847,840,34,1
421,602,990,31,1
422,1126,2798,30,1
423,1030,3153,27,1
424,691,1778,28,1
425,2668,1053,30,1
426,1659,225,32,1
427,1502,2912,33,1
428,2585,995,30,1
429,634,1811,34,1
430,1147,2470,35,1
431,2644,798,30,1
432,559,2733,30,1
433,1730,534,28,1
434,3398,1596,32,1
435,1058,1095,34,1
436,1549,740,35,1
437,632,1992,31,1
438,2032,2903,33,1
439,2196,2919,30,1
440,2576,942,30,1
441,2327,982,33,1
442,2231,660,29,1
443,784,1359,30,1
444,573,1324,31,1
445,2528,906,30,1
446,814,2147,30,1
447,2699,557,32,1
448,2183,2643,33,1
449,522,2692,28,1
450,2650,2702,28,1
451,2797,1903,33,1
452,2654,2578,31,1
453,622,1677,34,1
454,2490,568,29,1
455,2853,606,30,1
456,469,2366,30,1
457,3453,1648,31,1
458,1513,632,30,1
459,1328,986,29,1
460,1680,2847,28,1
461,380,2535,32,1
462,1487,191,32,1
463,850,1679,35,1
464,1634,3097,29,1
465,3114,911,28,1
466,413,2593,32,1
467,1222,833,32,1
468,2801,875,31,1
469,1720,3174,29,1
470,581,1732,33,1
471,1640,3017,35,1
472,2741,2632,32,1
473,1571,2821,34,1
474,811,518,32,1
475,997,2603,35,1
476,1090,597,28,1
477,2987,2315,33,1
478,1082,2343,33,1
479,256,1385,32,1
480,3193,1207,28,1
481,1582,255,29,1
482,973,1317,30,1
483,2751,1397,35,1
484,2891,2793,27,1
485,2027,3238,28,1
486,1416,684,29,1
487,977,941,28,1
488,1834,785,29,1
489,1039,2379,30,1
490,3087,1947,29,1
491,946,2682,29,1
492,2790,1293,33,1
493,346,2477,32,1
494,2556,2655,30,1
495,2811,3079,32,1
496,3352,1362,32,1
497,2568,3081,31,1
498,2675,2843,29,1
499,2871,1949,33,1
500,1754,3215,31,1
501,296,2086,32,1
502,238,1449,32,1
503,1368,2971,28,1
504,849,736,30,1
505,2196,736,29,1
506,962,1471,31,1
507,1106,545,30,1
508,1319,855,29,1
509,846,1493,30,1
510,681,1961,35,1
511,1183,2789,34,1
512,2906,1858,31,1
513,2613,2756,30,1
514,604,2869,30,1
515,2185,581,29,1
516,529,1992,30,1
517,2610,2668,29,1
518,2219,884,29,1
519,635,2653,29,1
520,2930,1648,29,1
521,639,2398,29,1
522,2120,307,30,1
523,626,1379,32,1
524,2215,786,28,1
525,466,1987,32,1
526,2251,2927,30,1
527,913,1203,32,1
528,1368,3135,28,1
529,2891,2125,30,1
530,2633,2805,28,1
531,786,2295,29,1
532,529,891,30,1
533,1760,2924,31,1
534,2652,528,30,1
535,640,1442,31,1
536,1043,944,34,1
537,2842,990,32,1
538,2905,1504,30,1
539,1099,773,30,1
540,2495,2757,29,1
541,1327,2674,29,1
542,1570,431,29,1
543,867,2140,29,1
544,2928,1802,30,1
545,994,2975,31,1
546,1093,1045,30,1
547,1683,823,29,1
548,3058,1286,29,1
549,642,680,31,1
550,1003,1059,33,1
551,2927,1451,29,1
552,2145,482,30,1
553,2455,2720,30,1
554,2732,1530,34,1
555,753,1991,35,1
556,1572,672,35,1
557,590,2620,30,1
558,2434,266,32,1
559,852,1187,33,1
560,3166,1725,28,1
561,2521,916,31,1
562,993,2664,28,1
563,384,1915,29,1
564,683,2878,32,1
565,988,2268,30,1
566,934,991,33,1
567,477,895,28,1
568,1064,2866,30,1
569,2945,934,30,1
570,263,2254,32,1
571,3001,834,30,1
572,1746,647,28,1
573,1563,859,35,1
574,1307,324,30,1
575,2027,876,28,1
576,2682,760,30,1
577,3386,1818,30,1
578,1486,779,32,1
579,3189,993,33,1
580,721,2994,29,1
581,3323,1628,31,1
582,2398,905,31,1
583,314,1213,32,1
584,2411,747,31,1
585,1504,846,29,1
586,2976,1985,30,1
587,2170,182,31,1
588,1866,2762,29,1
589,1876,2944,30,1
590,3008,2249,32,1
591,2784,1171,35,1
592,1881,3382,29,1
593,547,1486,32,1
594,2737,2395,35,1
595,1148,744,28,1
596,3036,1628,34,1
597,636,1606,33,1
598,3124,2045,31,1
599,1631,619,33,1
600,2751,1982,34,1
601,733,1864,29,1
602,2831,2850,29,1
603,2398,971,34,1
604,1506,2849,29,1
605,1839,587,29,1
606,2811,2624,29,1
607,1616,498,30,1
608,283,1327,31,1
609,1551,2653,28,1
610,2822,1698,33,1
611,2551,2567,34,1
612,2452,3280,30,1
613,1371,889,33,1
614,1208,913,33,1
615,711,1158,30,1
616,2952,2443,31,1
617,808,2519,30,1
618,2633,730,30,1
619,804,1234,35,1
620,1732,2709,31,1
621,1759,2987,30,1
622,2053,471,30,1
623,1147,938,32,1
624,1371,2583,32,1
625,2989,1544,29,1
626,752,802,30,1
627,1894,194,27,1
628,1751,3323,29,1
629,2389,2636,35,1
630,1163,867,35,1
631,2909,1597,30,1
632,1912,3162,29,1
633,1540,803,27,1
634,268,1955,27,1
635,3023,2034,35,1
636,2844,2913,30,1
637,746,2877,32,1
638,2348,2548,28,1
639,918,533,31,1
640,1160,1144,34,1
641,2772,2772,31,1
642,3319,1738,30,1
643,2187,3277,29,1
644,2896,2469,29,1
645,582,883,30,1
646,693,2303,32,1
647,3200,1526,29,1
648,1287,3209,26,1
649,2350,413,30,1
650,2826,1836,34,1
651,1513,2797,29,1
652,216,1578,31,1
653,1094,2754,29,1
654,782,1105,28,1
655,2340,718,33,1
656,535,828,31,1
657,2900,556,35,1
658,2677,2394,29,1
659,696,2426,29,1
660,3372,1427,28,1
661,1374,3082,30,1
662,3267,2128,33,1
663,1994,2695,25,1
664,2732,2740,29,1
665,2586,1108,32,1
666,424,1546,31,1
667,874,2080,34,1
668,3044,1234,30,1
669,682,1491,33,1
670,3212,1584,32,1
671,594,2156,33,1
672,525,1363,30,1
673,1928,756,35,1
674,508,2531,31,1
675,2536,805,28,1
676,2752,2985,29,1
677,2960,2039,30,1
678,1843,2838,31,1
679,2804,2384,34,1
680,1634,672,28,1
681,2221,2871,30,1
682,831,1816,34,1
683,904,2029,30,1
684,1534,3295,27,1
685,1036,2536,35,1
686,1469,3015,28,1
687,1582,2706,33,1
688,1964,545,28,1
689,3403,1915,29,1
690,1671,2905,33,1
691,3014,1086,33,1
692,2357,2894,29,1
693,2902,902,30,1
694,2313,3199,32,1
695,2426,2926,31,1
696,1754,3268,27,1
697,1056,805,29,1
698,2783,1053,30,1
699,1936,646,28,1
700,711,2139,31,1
701,2135,2915,35,1
702,1591,3324,34,1
703,1145,2740,29,1
704,1045,2286,31,1
705,1717,863,28,1
706,1631,612,32,1
707,1209,735,30,1
708,2884,1677,32,1
709,2471,720,30,1
710,3243,2370,28,1
711,882,2674,33,1
712,2100,445,30,1
713,1361,3298,30,1
714,2352,3234,30,1
715,798,2871,30,1
716,2869,1453,31,1
717,1708,3012,29,1
718,872,1616,35,1
719,894,2509,31,1
720,1017,896,29,1
721,2006,3192,30,1
722,1766,149,31,1
723,434,1612,32,1
724,1341,3017,29,1
725,463,1333,30,1
726,1110,328,31,1
727,422,1954,29,1
728,949,482,33,1
729,2775,2692,33,1
730,2515,2877,29,1
731,2074,578,31,1
732,1851,3164,30,1
733,2976,2094,28,1
734,3037,2193,31,1
735,1457,254,29,1
736,3203,2150,33,1
737,1677,709,32,1
738,2341,2601,28,1
739,1061,740,30,1
740,2890,1336,35,1
741,3075,1065,32,1
742,2435,2803,32,1
743,2684,2455,33,1
744,883,2443,35,1
745,1901,3423,28,1
746,3284,1357,31,1
747,1072,410,29,1
748,2708,2693,29,1
749,1307,652,30,1
750,2883,2946,30,1
751,1719,770,31,1
752,2763,836,31,1
753,2504,2424,31,1
754,2083,2858,31,1
755,2482,3037,31,1
756,1914,3107,30,1
757,2614,2269,28,1
758,2743,2932,28,1
759,474,2290,30,1
760,2664,2291,34,1
761,1303,2552,35,1
762,3013,828,30,1
763,2689,1409,33,1
764,810,625,31,1
765,2959,1497,28,1
766,3326,1232,34,1
767,2617,2464,33,1
768,1610,2895,30,1
769,3190,2383,31,1
770,2520,2489,34,1
771,2761,1719,33,1
772,684,1659,33,1
773,2973,1600,33,1
774,2397,692,29,1
775,3009,1459,30,1
776,1505,692,35,1
777,1231,674,30,1
778,2044,2981,34,1
779,3293,1690,31,1
780,879,1442,31,1
781,2879,1108,32,1
782,2959,2957,29,1
783,922,935,29,1
784,3435,1537,33,1
785,3351,2054,31,1
786,392,1143,31,1
787,1407,270,31,1
788,749,2341,35,1
789,2489,2550,32,1
790,3327,2286,30,1
791,1017,3034,30,1
792,1744,699,32,1
793,561,2820,32,1
794,2781,509,26,1
795,1121,385,29,1
796,2488,2924,28,1
797,1081,490,28,1
798,2950,882,30,1
799,3358,2175,31,1
800,295,1331,30,1
801,2140,355,29,1
802,1145,3140,32,1
803,318,1391,32,1
804,2834,2793,34,1
805,2150,3343,30,1
806,1558,158,27,1
807,1002,496,30,1
808,2625,2869,29,1
809,621,2500,31,1
810,2730,1335,31,1
811,2512,2699,34,1
812,757,640,29,1
813,2905,611,30,1
814,2942,2438,31,1
815,2930,829,30,1
816,674,2540,34,1
817,1859,3116,27,1
818,1129,1090,33,1
819,3181,1891,29,1
820,1200,3148,31,1
821,2672,2645,35,1
822,917,2176,33,1
823,3228,2097,31,1
824,1170,796,33,1
825,3236,1318,31,1
826,1424,205,31,1
827,534,996,31,1
828,1773,3378,31,1
829,2920,1166,32,1
830,2923,2078,30,1
831,2649,852,29,1
832,2928,2827,31,1
833,3065,2697,30,1
834,1563,2939,33,1
835,2981,2568,32,1
836,1277,697,29,1
837,2901,1042,31,1
838,818,1590,28,1
839,2721,2871,35,1
840,2849,758,28,1
841,3198,2441,35,1
842,3098,1247,29,1
843,2945,2625,31,1
844,377,1490,35,1
845,2328,3282,30,1
846,2084,261,34,1
847,3008,2435,33,1
848,2078,2937,30,1
849,473,2166,31,1
850,974,1187,30,1
851,1378,950,35,1
852,2396,638,30,1
853,2205,2767,30,1
854,509,1049,30,1
855,1075,2815,30,1
856,1048,2657,29,1
857,1677,394,30,1
858,1975,3277,32,1
859,739,933,30,1
860,3149,1550,34,1
861,2871,1803,29,1
862,532,2143,30,1
863,815,1446,29,1
864,2840,2493,32,1
865,353,1683,30,1
866,1238,338,30,1
867,1334,2920,34,1
868,1265,758,35,1
869,2555,2777,30,1
870,562,2381,32,1
871,430,1488,31,1
872,799,827,30,1
873,1591,318,32,1
874,1880,458,30,1
875,859,558,31,1
876,862,620,30,1
877,1001,833,33,1
878,3362,1539,30,1
879,3028,2091,30,1
880,807,1153,30,1
881,2494,333,30,1
882,2856,2074,33,1
883,1068,655,35,1
884,1626,3149,29,1
885,973,2921,30,1
886,701,2654,30,1
887,2002,645,33,1
888,3312,1536,29,1
889,324,1219,30,1
890,2998,2503,31,1
891,517,2047,29,1
892,3178,2080,32,1
893,2438,535,30,1
894,1313,3125,30,1
895,3334,1300,29,1
896,1823,665,35,1
897,919,1847,29,1
898,3167,2278,28,1
899,1284,3017,30,1
900,2518,677,34,1
901,3123,1987,30,1
902,2883,722,31,1
903,2364,855,31,1
904,1060,860,30,1
905,1801,2714,31,1
906,267,2027,32,1
907,3382,1260,29,1
908,2276,2979,30,1
909,2904,2018,34,1
910,852,918,31,1
911,1231,3032,29,1
912,2928,1964,28,1
913,1970,3153,30,1
914,2469,378,28,1
915,1758,300,30,1
916,3242,2595,28,1
917,3325,2441,29,1
918,223,1512,32,1
919,793,2579,31,1
920,1164,566,33,1
921,1449,726,31,1
922,644,2050,35,1
923,3199,1102,29,1
924,777,1413,29,1
925,2088,719,30,1
926,491,2233,35,1
927,1639,3230,32,1
928,648,2821,32,1
929,2970,2380,32,1
930,3424,1778,29,1
931,1513,3397,29,1
932,1096,982,33,1
933,1922,245,33,1
934,2792,3030,32,1
935,409,2153,33,1
936,528,2635,30,1
937,459,2646,30,1
938,2720,667,30,1
939,3344,1691,31,1
940,221,1966,33,1
941,3150,1782,31,1
942,780,2815,32,1
943,3282,1793,34,1
944,1714,201,26,1
945,2744,1102,32,1
946,545,2574,30,1
947,2730,3033,29,1
948,680,1344,31,1
949,1950,598,28,1
950,1457,3158,31,1
951,1805,725,34,1
952,2221,2975,28,1
953,335,2273,32,1
954,2433,476,30,1
955,1226,567,27,1
956,2299,883,35,1
957,3120,1143,29,1
958,1061,2931,32,1
959,1462,2818,30,1
960,1939,3350,30,1
961,1842,418,29,1
962,3099,1802,29,1
963,2084,385,30,1
964,3148,2557,30,1
965,1466,2957,30,1
966,456,1272,32,1
967,3172,1151,33,1
968,2862,2180,33,1
969,2600,2610,33,1
970,2941,2512,33,1
971,2863,858,30,1
972,1167,2416,28,1
973,1725,3424,29,1
974,2971,1407,33,1
975,2674,696,31,1
976,542,2205,33,1
977,2138,408,31,1
978,651,2120,31,1
979,1815,3220,30,1
980,1520,448,28,1
981,706,2078,35,1
982,1543,291,30,1
983,2344,664,29,1
984,1982,3015,34,1
985,756,2403,31,1
986,3368,1747,30,1
987,1585,3196,32,1
988,813,1966,35,1
989,1385,3364,28,1
990,3140,1195,31,1
991,2644,1004,29,1
992,2307,376,29,1
993,760,2118,31,1
994,1354,678,33,1
995,1853,518,30,1
996,511,1704,31,1
997,2730,724,31,1
998,914,1570,30,1
999,472,1762,34,1
1000,1513,398,29,1
1001,1034,2767,33,1
1002,2020,381,30,1
1003,1122,2954,31,1
1004,1447,529,35,1
1005,1267,2930,31,1
1006,3173,2503,31,1
1007,526,1762,30,1
1008,3259,1223,31,1
1009,2480,503,29,1
1010,3222,1699,33,1
1011,2697,2987,31,1
1012,1871,299,32,1
1013,1214,2937,30,1
1014,434,2322,31,1
1015,652,2455,30,1
1016,1961,386,35,1
1017,3188,2210,26,1
1018,595,1555,30,1
1019,1064,2988,33,1
1020,2163,3030,35,1
1021,1107,699,33,1
1022,902,2774,31,1
1023,2611,3204,35,1
1024,2243,2614,28,1
1025,2621,3141,35,1
1026,3232,1907,33,1
1027,2323,3087,30,1
1028,3003,898,34,1
1029,856,2562,33,1
1030,914,2725,28,1
1031,578,1615,34,1
1032,346,2270,34,1
1033,1863,2999,28,1
1034,2876,2618,35,1
1035,1378,2875,33,1
1036,2584,2322,33,1
1037,567,1032,29,1
1038,1778,3366,35,1
1039,1309,2970,30,1
1040,546,2467,34,1
1041,2442,3170,31,1
1042,1320,731,30,1
1043,2306,273,31,1
1044,1790,3158,32,1
1045,3084,1423,30,1
1046,2641,2987,30,1
1047,2165,2966,30,1
1048,2838,656,30,1
1049,312,1596,31,1
1050,1189,3245,30,1
1051,2859,3036,35,1
1052,2368,2947,30,1
1053,955,3174,30,1
1054,1696,3303,35,1
1055,2576,2716,32,1
1056,3363,1196,28,1
1057,2812,2732,31,1
1058,2995,1253,27,1
1059,2577,460,30,1
1060,3119,844,29,1
1061,3419,1419,30,1
1062,3279,1581,34,1
1063,2548,312,29,1
1064,3343,1992,32,1
1065,3028,2372,33,1
1066,3032,2809,31,1
1067,3253,1416,25,1
1068,1079,1242,32,1
1069,3045,2307,31,1
1070,3168,1374,31,1
1071,2946,1732,34,1
1072,1235,2889,29,1
1073,741,2254,35,1
1074,3405,1478,32,1
1075,1866,3060,31,1
1076,3132,1022,33,1
1077,445,1152,30,1
1078,3380,1743,34,1
1079,615,2863,35,1
1080,2027,3125,35,1
1081,519,1257,31,1
1082,2065,329,35,1
1083,3043,2868,30,1
1084,2350,600,31,1
1085,2181,685,28,1
1086,1978,492,27,1
1087,3041,770,33,1
1088,528,2288,30,1
1089,963,2794,35,1
1090,2720,2562,35,1
1091,415,2027,31,1
1092,635,874,31,1
1093,3456,1822,31,1
1094,620,1876,35,1
1095,2463,892,34,1
1096,2073,3094,29,1
1097,3063,1755,35,1
1098,3086,1656,30,1
1099,1051,544,31,1
1100,1461,418,30,1
1101,2143,727,30,1
1102,1412,2929,35,1
1103,549,2091,30,1
1104,2144,2798,35,1
1105,1521,3049,35,1
1106,2604,886,34,1
1107,1012,3198,34,1
1108,1520,3178,31,1
1109,3367,2332,29,1
1110,2809,473,28,1
1111,1112,444,30,1
1112,1816,2960,35,1
1113,3260,1107,32,1
1114,3105,752,30,1
1115,956,879,31,1
1116,2400,2692,29,1
1117,745,2533,34,1
1118,3033,1517,30,1
1119,2394,564,30,1
1120,926,2568,33,1
1121,2716,3149,32,1
1122,1967,3409,31,1
1123,295,2439,29,1
1124,2381,456,30,1
1125,2937,1550,28,1
1126,2990,1787,34,1
1127,1849,3274,34,1
1128,347,2162,30,1
1129,2756,561,33,1
1130,3150,2346,29,1
1131,1768,160,32,1
1132,2388,507,26,1
1133,274,1557,30,1
1134,601,2094,29,1
1135,1015,2888,30,1
1136,455,1058,29,1
1137,689,1832,30,1
1138,342,1541,31,1
1139,2011,587,33,1
1140,1250,3094,34,1
1141,303,1651,31,1
1142,1790,613,30,1
1143,425,1104,30,1
1144,1468,470,29,1
1145,3096,1598,33,1
1146,794,1297,35,1
1147,782,580,32,1
1148,843,2803,33,1
1149,2254,830,31,1
1150,1617,393,34,1
1151,3062,1473,29,1
1152,3229,1974,33,1
1153,3394,1974,35,1
1154,403,1668,31,1
1155,1769,208,25,1
1156,919,839,30,1
1157,2166,281,31,1
1158,268,1895,32,1
1159,3266,1734,30,1
1160,572,2261,30,1
1161,2674,3048,34,1
1162,1271,521,28,1
1163,3318,2340,30,1
1164,2891,672,35,1
1165,913,2894,28,1
1166,752,870,33,1
1167,245,1722,31,1
1168,466,2047,31,1
1169,3062,717,33,1
1170,2245,394,32,1
1171,2078,396,29,1
1172,496,1164,30,1
1173,511,1311,29,1
1174,613,1061,32,1
1175,358,2105,30,1
1176,2941,1234,33,1
1177,2054,2670,28,1
1178,2123,667,33,1
1179,537,1202,33,1
1180,2385,3278,32,1
1181,362,1742,35,1
1182,3068,1124,33,1
1183,2145,2733,34,1
1184,2596,565,34,1
1185,579,1978,30,1
1186,2964,608,34,1
1187,612,2562,34,1
1188,1830,198,32,1
1189,3101,1372,29,1
1190,2726,516,30,1
1191,3091,2189,31,1
1192,2847,1383,33,1
1193,1685,3068,32,1
1194,2252,3196,30,1
1195,2285,2879,35,1
1196,3025,1170,30,1
1197,3177,1475,30,1
1198,3298,1170,32,1
1199,2844,2010,33,1
1200,2512,3262,31,1
1201,1101,2643,30,1
1202,2624,676,29,1
1203,406,2032,32,1
1204,842,788,32,1
1205,2350,3330,32,1
1206,2481,436,32,1
1207,1690,570,30,1
1208,3118,2473,32,1
1209,2591,767,33,1
1210,2539,3024,35,1
1211,852,3098,31,1
1212,1266,883,35,1
1213,2881,2862,30,1
1214,2702,819,33,1
1215,1667,3186,27,1
1216,3073,996,32,1
1217,3434,2106,29,1
1218,2733,2187,35,1
1219,2743,783,30,1
1220,2961,1053,30,1
1221,548,1150,30,1
1222,2125,3390,30,1
1223,2777,682,34,1
1224,3015,1019,34,1
1225,3203,1831,33,1
1226,3212,1766,34,1
1227,2537,373,30,1
1228,1784,3425,27,1
1229,338,1291,33,1
1230,1557,2876,30,1
1231,1870,2707,31,1
1232,1896,692,35,1
1233,884,2617,28,1
1234,1420,2988,29,1
1235,2821,555,32,1
1236,960,2132,28,1
1237,2194,240,32,1
1238,1715,452,31,1
1239,1010,647,32,1
1240,2718,2500,30,1
1241,382,2427,30,1
1242,308,2210,34,1
1243,493,1108,31,1
1244,651,1004,33,1
1245,3226,1463,31,1
1246,2619,623,30,1
1247,785,697,35,1
1248,1697,3239,32,1
1249,306,1773,30,1
1250,1997,759,34,1
1251,1342,382,31,1
1252,679,729,30,1
1253,2328,330,31,1
1254,3148,1669,34,1
1255,2376,365,34,1
1256,2468,781,34,1
1257,2844,1050,33,1
1258,759,1190,35,1
1259,3234,934,29,1
1260,2200,334,34,1
1261,1219,3196,30,1
1262,3134,1093,35,1
1263,1331,3340,31,1
1264,1652,779,35,1
1265,1950,3219,33,1
1266,3270,2546,30,1
1267,2913,769,30,1
1268,3261,1515,34,1
1269,848,2858,31,1
1270,2760,1845,32,1
1271,1112,2892,30,1
1272,1650,768,34,1
1273,1826,471,30,1
1274,1572,3119,33,1
1275,2159,3135,29,1
1276,631,2716,29,1
1277,2547,3201,32,1
1278,3464,1880,29,1
1279,851,679,35,1
1280,2830,709,30,1
1281,1300,314,31,1
1282,2978,1139,33,1
1283,3157,1609,30,1
1284,572,2322,33,1
1285,412,1731,29,1
1286,1506,569,32,1
1287,1330,529,32,1
1288,914,3077,34,1
1289,1627,2957,33,1
1290,1235,325,32,1
1291,2271,3312,33,1
1292,730,1384,30,1
1293,2784,672,34,1
1294,3206,2640,35,1
1295,2630,477,32,1
1296,980,545,32,1
1297,3074,2135,34,1
1298,1533,910,28,1
1299,2380,3170,32,1
1300,769,2470,35,1
1301,3281,1463,25,1
1302,710,838,31,1
1303,627,2284,35,1
1304,1418,787,33,1
1305,311,1986,27,1
1306,1379,331,32,1
1307,3174,1318,30,1
1308,1112,708,31,1
1309,2720,2805,35,1
1310,1868,249,28,1
1311,421,2264,35,1
1312,3155,885,31,1
1313,3330,1481,30,1
1314,3237,2510,32,1
1315,1113,835,31,1
1316,685,1283,31,1
1317,1562,374,30,1
1318,656,2605,33,1
1319,2278,3147,30,1
1320,1126,1195,29,1
1321,2639,945,32,1
1322,3004,2149,34,1
1323,1330,3178,30,1
1324,2733,878,31,1
1325,1649,443,33,1
1326,430,1432,28,1
1327,3196,1644,30,1
1328,1923,2982,35,1
1329,1910,344,31,1
1330,1028,2707,25,1
1331,2903,2677,30,1
1332,3173,2735,27,1
1333,1016,2828,35,1
1334,1449,596,32,1
1335,570,2813,33,1
1336,857,843,32,1
1337,3310,1097,30,1
1338,3144,2164,35,1
1339,3010,2737,32,1
1340,1809,316,29,1
1341,2241,274,30,1
1342,2719,1158,35,1
1343,2678,3112,34,1
1344,2669,3189,29,1
1345,3405,1978,31,1
1346,1942,303,35,1
1347,1012,1353,32,1
1348,1805,266,30,1
1349,3221,1371,30,1
1350,432,1215,35,1
1351,2004,435,34,1
1352,2853,514,33,1
1353,3010,2623,30,1
1354,2030,712,35,1
1355,1243,2979,30,1
1356,560,1920,35,1
1357,1488,2631,27,1
1358,1382,737,32,1
1359,2242,3256,32,1
1360,3463,1708,29,1
1361,3391,1328,32,1
1362,1566,606,33,1
1363,2106,3136,30,1
1364,1418,448,31,1
1365,3420,1861,31,1
1366,906,647,29,1
1367,3114,1366,34,1
1368,1308,482,31,1
1369,2934,2749,35,1
1370,2329,2988,30,1
1371,450,1899,35,1
1372,1247,2764,35,1
1373,3342,1145,29,1
1374,2185,635,30,1
1375,507,2412,33,1
1376,2267,3095,33,1
1377,2209,3323,34,1
1378,454,1833,34,1
1379,777,985,31,1
1380,3086,1536,31,1
1381,344,2039,33,1
1382,2881,2528,30,1
1383,254,1671,32,1
1384,899,1716,29,1
1385,1740,588,30,1
1386,2473,2985,33,1
1387,603,2774,32,1
1388,706,2483,35,1
1389,3271,2317,32,1
1390,1163,423,29,1
1391,661,826,31,1
1392,2027,3061,31,1
1393,2419,410,32,1
1394,1068,3229,35,1
1395,1192,618,35,1
1396,2155,785,35,1
1397,1805,3096,34,1
1398,974,2734,35,1
1399,2675,2760,32,1
1400,961,606,33,1
1401,3287,2394,34,1
1402,2538,530,32,1
1403,2654,433,30,1
1404,578,2035,34,1
1405,936,3015,33,1
1406,3353,1867,32,1
1407,2293,2576,28,1
1408,2578,703,32,1
1409,972,3061,31,1
1410,1999,3338,33,1
1411,385,2310,29,1
1412,1471,3281,35,1
1413,2596,413,35,1
1414,572,1251,34,1
1415,2332,3138,31,1
1416,2608,1053,32,1
1417,2569,2910,30,1
1418,2329,474,33,1
1419,1178,3045,31,1
1420,1506,3110,35,1
1421,3164,1947,35,1
1422,3181,1050,30,1
1423,667,1110,35,1
1424,857,2921,33,1
1425,1780,365,31,1
1426,2913,2994,35,1
1427,2231,554,31,1
1428,554,1091,35,1
1429,3413,1692,34,1
1430,396,2369,35,1
1431,1339,3239,33,1
1432,2816,1110,33,1
1433,2812,813,34,1
1434,904,714,35,1
1435,2742,454,33,1
1436,2934,2911,32,1
1437,283,1498,33,1
1438,1450,3370,32,1
1439,1520,338,30,1
1440,2799,1436,29,1
1441,3111,1307,31,1
1442,2539,595,30,1
1443,2194,3083,35,1
1444,2672,2749,32,1
1445,3198,1417,30,1
1446,2590,577,29,1
1447,2651,582,32,1
1448,1847,367,34,1
1449,2242,3375,30,1
1450,3451,2000,29,1
1451,2230,608,30,1
1452,278,2027,34,1
1453,731,1105,35,1
1454,1791,548,33,1
1455,1446,2875,35,1
1456,562,2525,31,1
1457,575,1798,34,1
1458,1998,3326,32,1
1459,1283,568,30,1
1460,483,1219,30,1
1461,3073,862,33,1
1462,2789,750,34,1
1463,3009,1730,30,1
1464,1561,482,30,1
1465,1522,2978,31,1
1466,1691,284,32,1
1467,1142,491,31,1
1468,3469,1764,30,1
1469,2434,334,35,1
1470,2130,608,35,1
1471,682,1407,30,1
1472,1635,3280,31,1
1473,2228,3027,33,1
1474,1739,251,30,1
1475,3007,957,30,1
1476,869,2976,25,1
1477,2784,2578,33,1
1478,2454,2661,35,1
1479,1929,2693,28,1
1480,1585,3061,35,1
1481,2509,3089,35,1
1482,766,1048,35,1
1483,2545,3190,34,1
1484,2270,3300,32,1
1485,2065,3187,34,1
1486,3062,2134,31,1
1487,2977,1678,35,1
1488,694,2367,35,1
1489,1630,554,35,1
1490,772,2982,30,1
1491,610,1497,32,1
1492,1252,3244,33,1
1493,3378,2270,33,1
1494,1463,354,33,1
1495,3115,2297,33,1
1496,724,2589,35,1
1497,1631,281,30,1
1498,2096,507,33,1
1499,797,2931,34,1
1500,3291,2073,34,1
1501,1157,3280,29,1
1502,3245,1045,33,1
1503,917,1660,31,1
1504,1290,2882,31,1
1505,1268,3328,28,1
1506,2601,341,30,1
1507,2591,511,28,1
1508,2456,2873,33,1
1509,3292,2185,35,1
1510,2191,436,33,1
1511,485,2105,33,1
1512,928,1909,29,1
1513,1099,3184,31,1
1514,1388,496,33,1
1515,1972,3089,35,1
1516,571,1388,30,1
1517,1021,2227,29,1
1518,924,2952,35,1
1519,2194,3207,35,1
1520,3247,1643,35,1
1521,1928,3048,34,1
1522,2311,826,30,1
1523,564,939,33,1
1524,1886,3219,34,1
1525,485,1512,34,1
1526,2853,2173,35,1
1527,1502,3331,35,1
1528,1407,394,33,1
1529,1303,427,25,1
1530,2384,3106,32,1
1531,1730,401,30,1
1532,1261,3154,35,1
1533,3293,1036,29,1
1534,3322,2121,31,1
1535,1193,460,30,1
1536,2140,237,30,1
1537,790,2754,33,1
1538,3073,2249,34,1
1539,693,2712,26,1
1540,1898,566,32,1
1541,1916,506,33,1
1542,2219,3141,35,1
1543,2721,1044,30,1
1544,1457,3213,33,1
1545,2476,280,28,1
1546,471,1000,32,1
1547,1490,297,31,1
1548,2183,3383,29,1
1549,2295,3355,28,1
1550,658,1102,34,1
1551,1222,406,33,1
1552,3238,2203,28,1
1553,3063,936,31,1
1554,2661,373,31,1
1555,3041,1817,35,1
1556,1965,209,30,1
1557,2298,428,31,1
1558,2527,476,31,1
1559,2531,2956,34,1
1560,479,2591,34,1
1561,1164,3193,31,1
1562,2442,599,35,1
1563,2778,929,35,1
1564,3304,1888,33,1
1565,2051,3302,33,1
1566,594,2435,35,1
1567,1256,620,35,1
1568,992,2179,29,1
1569,3290,1953,32,1
1570,1122,3020,33,1
1571,1941,445,31,1
1572,1171,685,35,1
1573,375,1422,35,1
1574,3234,1049,34,1
1575,2403,2988,33,1
1576,2844,924,35,1
1577,1186,2979,35,1
1578,2852,1168,34,1
1579,541,1555,33,1
1580,2873,2733,33,1
1581,813,885,31,1
1582,2770,3122,29,1
1583,3277,2246,34,1
1584,1305,3280,33,1
1585,289,2149,33,1
1586,435,2207,30,1
1587,1083,3121,35,1
1588,1521,3231,32,1
1589,1253,457,30,1
1590,2150,3243,28,1
1591,2622,3089,30,1
1592,2565,2839,32,1
1593,1567,534,31,1
1594,2449,669,35,1
1595,2525,746,35,1
1596,2378,293,33,1
1597,390,1858,35,1
1598,770,2634,35,1
1599,2631,2934,34,1
1600,671,2763,30,1
1601,2978,2795,35,1
1602,2423,3049,35,1
1603,961,2865,32,1
1604,1393,632,31,1
1605,2920,2572,35,1
1606,2538,425,30,1
1607,3097,2363,35,1
1608,374,2218,31,1
1609,2729,611,35,1
1610,411,2479,32,1
1611,407,1790,32,1
1612,2116,3304,35,1
1613,1554,216,33,1
1614,3180,2015,34,1
1615,629,763,31,1
1616,2079,3345,34,1
1617,3122,2723,33,1
1618,2947,995,34,1
1619,2135,3080,31,1
1620,3410,2163,35,1
1621,3221,2260,35,1
1622,713,682,35,1
1623,457,1701,30,1
1624,2185,382,30,1
1625,3000,1360,30,1
1626,1807,3028,34,1
1627,3227,2036,34,1
1628,726,2762,33,1
1629,1364,237,34,1
1630,900,887,30,1
1631,1511,250,29,1
1632,676,945,32,1
1633,2970,2858,35,1
1634,853,2740,34,1
1635,1495,3344,34,1
1636,1257,2831,35,1
1637,1316,3069,35,1
1638,672,2237,34,1
1639,916,1972,30,1
1640,1355,287,31,1
1641,2078,3359,35,1
1642,3171,836,29,1
1643,1963,701,35,1
1644,3121,1487,35,1
1645,1332,600,35,1
1646,2086,3235,32,1
1647,2047,3289,30,1
1648,373,1194,31,1
1649,2288,578,34,1
1650,3449,1938,31,1
1651,1438,309,31,1
1652,2496,623,25,1
1653,295,1711,34,1
1654,1655,341,35,1
1655,443,2418,32,1
1656,2262,341,31,1
1657,329,1928,35,1
1658,1015,706,33,1
1659,2942,723,33,1
1660,2354,785,35,1
1661,1278,384,35,1
1662,481,1572,30,1
1663,1998,323,32,1
1664,897,2840,34,1
1665,2136,3189,34,1
1666,698,1217,35,1
1667,328,2340,33,1
1668,2336,2838,35,1
1669,1879,627,32,1
1670,370,1977,35,1
1671,3073,2639,35,1
1672,3378,2111,35,1
1673,1570,547,34,1
1674,903,3134,34,1
1675,426,2094,35,1
1676,3019,666,31,1
1677,2839,2675,34,1
1678,965,3118,34,1
1679,960,799,31,1
1680,264,1615,32,1
1681,1583,3248,35,1
1682,1985,2654,28,1
1683,2798,2197,35,1
1684,478,2477,35,1
1685,1359,453,31,1
1686,718,2821,33,1
1687,2029,523,34,1
1688,3135,2233,33,1
1689,909,594,31,1
1690,2253,461,31,1
1691,1509,512,35,1
1692,2878,805,29,1
1693,3065,2758,35,1
1694,2411,3216,33,1
1695,288,1830,31,1
1696,739,747,35,1
1697,1405,3254,29,1
1698,2414,3230,35,1
1699,250,1782,29,1
1700,751,2699,34,1
1701,1749,3051,35,1
1702,2963,665,32,1
1703,2446,3112,35,1
1704,3278,1281,27,1
1705,1419,3319,30,1
1706,1782,430,35,1
1707,1720,345,35,1
1708,1388,562,35,1
1709,418,1370,35,1
1710,3462,1493,29,1
1711,1772,493,34,1
1712,1019,3097,35,1
1713,3229,1170,34,1
1714,3024,1962,35,1
1715,1960,196,32,1
1716,3141,1848,33,1
1717,471,1393,31,1
1718,3346,2388,25,1
1719,285,2370,27,1
1720,2491,285,27,1
1721,2961,2692,35,1
1722,956,740,35,1
1723,1182,370,35,1
1724,3256,991,34,1
1725,1209,515,35,1
1726,875,3030,33,1
1727,3078,2422,33,1
1728,3078,1191,33,1
1729,1075,3055,35,1
1730,586,1187,34,1
1731,506,1875,35,1
1732,607,2217,34,1
1733,607,1129,35,1
1734,580,2680,34,1
1735,1215,3298,33,1
1736,2501,3155,32,1
1737,945,401,30,1
1738,2479,3216,30,1
1739,2554,1198,32,1
1740,2338,541,35,1
1741,2501,2818,35,1
1742,2277,517,34,1
1743,2781,428,29,1
1744,1173,358,33,1
1745,2607,3034,32,1
1746,2513,1150,25,1
1747,2774,2833,35,1
1748,2689,397,32,1
1749,3204,2322,35,1
1750,2590,1247,25,1
1751,2739,1589,28,1
1752,2360,3041,33,1
1753,795,760,28,1
1754,2793,613,31,1
1755,733,2933,29,1
1756,654,1171,35,1
1757,2568,3244,27,1
1758,1133,3084,34,1
1759,1883,3322,35,1
1760,1685,3128,35,1
1761,2997,719,33,1
1762,1901,401,35,1
1763,447,2536,35,1
1764,2314,2932,35,1
1765,404,1305,29,1
1766,352,1808,35,1
1767,3314,1415,35,1
1768,250,1244,27,1
1769,3142,1427,35,1
1770,2120,210,30,1
1771,1011,771,35,1
1772,2175,3333,34,1
1773,2294,3035,35,1
1774,2406,3316,26,1
1775,2068,3410,25,1
1776,2790,2893,35,1
1777,2732,1848,31,1
1778,720,997,35,1
1779,508,815,25,1
1780,3293,2492,30,1
1781,3455,1589,26,1
1782,2970,771,35,1
1783,3135,797,25,1
